 
 Re             =          157.000000000000     
 stiff0         =         0.000000000000000E+000
 stiff1         =         0.000000000000000E+000
 stiff2         =          160.000000000000     
 stiff3         =         0.000000000000000E+000
 
 x0             =         -5.00000000000000     
 xl             =          8.00000000000000     
 y0             =         -5.00000000000000     
 yl             =          8.00000000000000     
 
 nx             =                257
 ny             =                257
 ns             =                128
 ms             =                  1
 dx             =         3.112840466926070E-002
 dy             =         3.112840466926070E-002
 dalfa          =         4.908738521234052E-002
 
 icfl           =                  1
 cflc           =         0.300000000000000     
 cflv           =         0.300000000000000     
 nstart         =                  1
 nend           =               1000
 nstep          =               1000
 tstart         =         0.000000000000000E+000
 tend           =          1.96299999999998     
 dtcfl          =         1.963000000000000E-003
 dt0            =         1.000000000000000E-002
 
 isingular      =                  1
 move           =                  1
 ifxy           =                  1
 ichorin	=	           0
 itemporal      =                  0
 
 total time     =         2.006388982137044E-002  hours
 -- beginning time --
 Date: 20111220
 Time: 15:22:50
 -- ending time --
 Date: 20111220
 Time: 15:23:36
